channels:
  - conda-forge
  - defaults
dependencies:
  - alembic=1.15.2=pyhd8ed1ab_0
  - blinker=1.9.0=py39haa95532_0
  - ca-certificates=2025.4.26=h4c7d964_0
  - cffi=1.17.1=py39h827c3e9_1
  - click=8.1.8=py39haa95532_0
  - colorama=0.4.6=py39haa95532_0
  - cryptography=44.0.1=py39hbd6ee87_0
  - dnspython=2.4.2=py39haa95532_0
  - email-validator=1.2.1=py39haa95532_0
  - flask=3.1.0=py39haa95532_0
  - flask-login=0.6.3=pyhd8ed1ab_2
  - flask-migrate=4.1.0=pyhd8ed1ab_0
  - flask-sqlalchemy=3.1.1=py39haa95532_0
  - flask-wtf=1.2.1=py39haa95532_0
  - greenlet=3.1.1=py39h5da7b33_0
  - idna=3.7=py39haa95532_0
  - importlib-metadata=8.5.0=py39haa95532_0
  - itsdangerous=2.2.0=py39haa95532_0
  - jinja2=3.1.6=py39haa95532_0
  - mako=1.3.10=pyhd8ed1ab_0
  - markupsafe=3.0.2=py39h827c3e9_0
  - openssl=3.1.0=hcfcfb64_3
  - pip=25.1=pyhc872135_2
  - pycparser=2.21=pyhd3eb1b0_0
  - python=3.9.21=h8205438_1
  - python-dateutil=2.9.0.post0=pyhff2d567_1
  - setuptools=78.1.1=py39haa95532_0
  - six=1.17.0=pyhd8ed1ab_0
  - sqlalchemy=2.0.39=py39h54f65d0_0
  - sqlite=3.45.3=h2bbff1b_0
  - typing-extensions=4.12.2=py39haa95532_0
  - typing_extensions=4.12.2=py39haa95532_0
  - tzdata=2025b=h04d1e81_0
  - ucrt=10.0.22621.0=h57928b3_1
  - vc=14.42=haa95532_5
  - vs2015_runtime=14.42.34433=hbfb602d_5
  - werkzeug=3.1.3=py39haa95532_0
  - wheel=0.45.1=py39haa95532_0
  - wtforms=2.3.3=pyhd3eb1b0_0
  - zipp=3.21.0=py39haa95532_0